Training pipeline: ['ner']
Starting with blank model 'en'
Counting training words (limit=0)

Itn    Dep Loss    NER Loss      UAS    NER P    NER R    NER F    Tag %  Token %  CPU WPS  GPU WPS
---  ----------  ----------  -------  -------  -------  -------  -------  -------  -------  -------
  0       0.000   64287.097    0.000   75.409   74.526   74.965    0.000  100.000    34947        0
  1       0.000   41957.986    0.000   80.070   79.896   79.983    0.000  100.000    33966        0
  2       0.000   35551.304    0.000   81.710   81.887   81.798    0.000  100.000    34928        0
  3       0.000   31753.154    0.000   82.132   82.648   82.389    0.000  100.000    34149        0
  4       0.000   29100.196    0.000   83.047   83.408   83.227    0.000  100.000    32266        0
  5       0.000   26650.569    0.000   83.359   83.902   83.630    0.000  100.000    30889        0
  6       0.000   25145.780    0.000   83.770   84.458   84.112    0.000  100.000    32289        0
  7       0.000   23662.905    0.000   84.243   84.964   84.602    0.000  100.000    33081        0
  8       0.000   22640.735    0.000   84.027   84.808   84.415    0.000  100.000    32274        0
  9       0.000   21681.452    0.000   84.130   84.952   84.539    0.000  100.000    31373        0
 10       0.000   20721.145    0.000   84.293   84.964   84.627    0.000  100.000    32094        0
 11       0.000   20311.472    0.000   84.494   85.085   84.788    0.000  100.000    32850        0
 12       0.000   19387.294    0.000   84.738   85.290   85.013    0.000  100.000    32758        0
 13       0.000   18716.959    0.000   84.650   85.314   84.981    0.000  100.000    32724        0
 14       0.000   18133.776    0.000   84.484   85.218   84.849    0.000  100.000    33048        0
 15       0.000   17711.355    0.000   84.798   85.556   85.175    0.000  100.000    33682        0
 16       0.000   16944.303    0.000   84.897   85.604   85.249    0.000  100.000    31347        0
 17       0.000   16614.838    0.000   85.170   85.797   85.482    0.000  100.000    33051        0
 18       0.000   15911.945    0.000   85.181   85.869   85.524    0.000  100.000    34004        0
 19       0.000   15591.433    0.000   85.178   85.918   85.546    0.000  100.000    31498        0
 20       0.000   15633.141    0.000   85.065   85.845   85.453    0.000  100.000    31966        0
 21       0.000   14965.907    0.000   84.999   85.809   85.402    0.000  100.000    33333        0
 22       0.000   14562.046    0.000   84.878   85.749   85.311    0.000  100.000    33238        0
 23       0.000   14223.560    0.000   84.939   85.749   85.342    0.000  100.000    31227        0
 24       0.000   13807.278    0.000   85.025   85.845   85.433    0.000  100.000    31715        0
 25       0.000   13808.760    0.000   85.035   85.918   85.474    0.000  100.000    29673        0
 26       0.000   13656.130    0.000   84.994   85.845   85.418    0.000  100.000    32624        0
 27       0.000   13104.759    0.000   85.105   85.978   85.539    0.000  100.000    32608        0
 28       0.000   12967.374    0.000   85.100   86.014   85.555    0.000  100.000    32234        0
 29       0.000   12753.303    0.000   85.203   86.231   85.714    0.000  100.000    32438        0
[38;5;2m✔ Saved model to output directory[0m
train-news/model-final
⠙ Creating best model...[2K[38;5;2m✔ Created best model[0m
train-news/model-best
Training pipeline: ['ner']
Starting with blank model 'en'
Counting training words (limit=0)

Itn    Dep Loss    NER Loss      UAS    NER P    NER R    NER F    Tag %  Token %  CPU WPS  GPU WPS
---  ----------  ----------  -------  -------  -------  -------  -------  -------  -------  -------
  0       0.000   12668.037    0.000   47.516   41.947   44.558    0.000  100.000    26956        0
  1       0.000    8329.393    0.000   54.648   49.966   52.202    0.000  100.000    26797        0
  2       0.000    6811.239    0.000   54.170   50.308   52.168    0.000  100.000    26303        0
  3       0.000    5855.326    0.000   55.953   52.502   54.173    0.000  100.000    28277        0
  4       0.000    5214.518    0.000   55.733   52.639   54.142    0.000  100.000    28010        0
  5       0.000    4561.960    0.000   56.462   53.598   54.993    0.000  100.000    29147        0
  6       0.000    4097.024    0.000   58.807   56.066   57.404    0.000  100.000    28094        0
  7       0.000    3692.751    0.000   59.114   56.683   57.873    0.000  100.000    30811        0
  8       0.000    3397.481    0.000   59.159   56.888   58.001    0.000  100.000    31515        0
  9       0.000    3203.300    0.000   58.569   56.683   57.611    0.000  100.000    28900        0
 10       0.000    2848.302    0.000   59.188   56.957   58.051    0.000  100.000    26982        0
 11       0.000    2676.338    0.000   59.204   57.094   58.130    0.000  100.000    28509        0
 12       0.000    2637.470    0.000   59.191   57.162   58.159    0.000  100.000    28503        0
 13       0.000    2432.972    0.000   58.836   56.820   57.810    0.000  100.000    24458        0
 14       0.000    2283.942    0.000   58.421   56.820   57.609    0.000  100.000    28327        0
 15       0.000    2224.749    0.000   58.703   57.094   57.887    0.000  100.000    27652        0
 16       0.000    2172.427    0.000   58.953   57.094   58.008    0.000  100.000    29157        0
 17       0.000    1906.352    0.000   59.068   57.368   58.206    0.000  100.000    27650        0
 18       0.000    1832.827    0.000   59.576   57.779   58.664    0.000  100.000    29558        0
 19       0.000    1837.936    0.000   59.207   57.300   58.238    0.000  100.000    29085        0
 20       0.000    1739.791    0.000   59.023   57.162   58.078    0.000  100.000    30390        0
 21       0.000    1715.906    0.000   59.549   57.916   58.721    0.000  100.000    25154        0
 22       0.000    1519.173    0.000   60.028   58.053   59.024    0.000  100.000    28147        0
 23       0.000    1533.877    0.000   60.056   58.328   59.179    0.000  100.000    30397        0
 24       0.000    1498.860    0.000   60.891   59.013   59.937    0.000  100.000    27125        0
 25       0.000    1421.677    0.000   60.225   58.739   59.473    0.000  100.000    29375        0
 26       0.000    1479.570    0.000   60.070   58.465   59.257    0.000  100.000    28658        0
 27       0.000    1351.392    0.000   60.056   58.328   59.179    0.000  100.000    29034        0
 28       0.000    1316.133    0.000   60.367   58.670   59.506    0.000  100.000    26979        0
 29       0.000    1203.694    0.000   59.704   57.985   58.832    0.000  100.000    29655        0
[38;5;2m✔ Saved model to output directory[0m
train-bc/model-final
⠙ Creating best model...[2K[38;5;2m✔ Created best model[0m
train-bc/model-best
Training pipeline: ['ner']
Starting with blank model 'en'
Counting training words (limit=0)

Itn    Dep Loss    NER Loss      UAS    NER P    NER R    NER F    Tag %  Token %  CPU WPS  GPU WPS
---  ----------  ----------  -------  -------  -------  -------  -------  -------  -------  -------
  0       0.000    4974.184    0.000   43.860   32.154   37.106    0.000  100.000    23948        0
  1       0.000    3655.523    0.000   46.957   34.727   39.926    0.000  100.000    24860        0
  2       0.000    3255.632    0.000   53.906   44.373   48.677    0.000  100.000    24590        0
  3       0.000    2766.371    0.000   56.175   45.338   50.178    0.000  100.000    25307        0
  4       0.000    2411.110    0.000   58.527   48.553   53.076    0.000  100.000    23472        0
  5       0.000    2224.831    0.000   58.039   47.588   52.297    0.000  100.000    23835        0
  6       0.000    2023.522    0.000   59.690   49.518   54.130    0.000  100.000    25403        0
  7       0.000    1760.869    0.000   61.569   50.482   55.477    0.000  100.000    21838        0
  8       0.000    1556.027    0.000   62.109   51.125   56.085    0.000  100.000    24727        0
  9       0.000    1466.394    0.000   62.651   50.161   55.714    0.000  100.000    24943        0
 10       0.000    1382.845    0.000   61.868   51.125   55.986    0.000  100.000    23712        0
 11       0.000    1322.774    0.000   62.692   52.412   57.093    0.000  100.000    23155        0
 12       0.000    1189.284    0.000   62.308   52.090   56.743    0.000  100.000    25128        0
 13       0.000    1170.433    0.000   60.078   49.839   54.482    0.000  100.000    24556        0
 14       0.000    1127.339    0.000   60.465   50.161   54.833    0.000  100.000    26092        0
 15       0.000    1051.546    0.000   61.479   50.804   55.634    0.000  100.000    24758        0
 16       0.000     930.149    0.000   62.214   52.412   56.894    0.000  100.000    21496        0
 17       0.000    1081.596    0.000   60.595   52.412   56.207    0.000  100.000    24833        0
 18       0.000     919.185    0.000   60.300   51.768   55.709    0.000  100.000    17149        0
 19       0.000     911.646    0.000   60.606   51.447   55.652    0.000  100.000    20542        0
 20       0.000     881.163    0.000   62.692   52.412   57.093    0.000  100.000    23688        0
 21       0.000     800.598    0.000   61.132   52.090   56.250    0.000  100.000    24909        0
 22       0.000     794.057    0.000   58.889   51.125   54.733    0.000  100.000    20278        0
 23       0.000     769.849    0.000   59.341   52.090   55.479    0.000  100.000    21739        0
 24       0.000     766.866    0.000   59.420   52.733   55.877    0.000  100.000    25912        0
 25       0.000     748.808    0.000   58.974   51.768   55.137    0.000  100.000    23950        0
 26       0.000     721.432    0.000   58.974   51.768   55.137    0.000  100.000    22806        0
 27       0.000     683.217    0.000   58.484   52.090   55.102    0.000  100.000    25752        0
 28       0.000     689.018    0.000   59.636   52.733   55.973    0.000  100.000    21163        0
 29       0.000     645.784    0.000   59.928   53.376   56.463    0.000  100.000    23394        0
[38;5;2m✔ Saved model to output directory[0m
train-tc/model-final
⠙ Creating best model...[2K[38;5;2m✔ Created best model[0m
train-tc/model-best
Training pipeline: ['ner']
Starting with blank model 'en'
Counting training words (limit=0)

Itn    Dep Loss    NER Loss      UAS    NER P    NER R    NER F    Tag %  Token %  CPU WPS  GPU WPS
---  ----------  ----------  -------  -------  -------  -------  -------  -------  -------  -------
  0       0.000   12443.828    0.000   47.003   34.192   39.587    0.000  100.000    27204        0
  1       0.000    8873.151    0.000   57.525   51.140   54.145    0.000  100.000    29820        0
  2       0.000    7477.559    0.000   60.818   55.996   58.308    0.000  100.000    30124        0
  3       0.000    6225.136    0.000   61.660   58.176   59.867    0.000  100.000    29380        0
  4       0.000    5481.639    0.000   63.312   59.861   61.538    0.000  100.000    31169        0
  5       0.000    4826.785    0.000   63.505   61.051   62.254    0.000  100.000    29761        0
  6       0.000    4246.146    0.000   65.364   61.348   63.292    0.000  100.000    30006        0
  7       0.000    3879.406    0.000   65.401   61.447   63.362    0.000  100.000    29252        0
  8       0.000    3498.880    0.000   66.561   62.537   64.486    0.000  100.000    29851        0
  9       0.000    3157.322    0.000   65.756   62.042   63.845    0.000  100.000    24504        0
 10       0.000    2930.062    0.000   65.421   62.438   63.895    0.000  100.000    28372        0
 11       0.000    2596.663    0.000   65.693   62.438   64.024    0.000  100.000    32591        0
 12       0.000    2597.917    0.000   65.026   62.834   63.911    0.000  100.000    29418        0
 13       0.000    2346.871    0.000   65.553   62.240   63.854    0.000  100.000    28008        0
 14       0.000    2309.980    0.000   65.365   63.033   64.178    0.000  100.000    29021        0
 15       0.000    2224.270    0.000   65.770   63.033   64.372    0.000  100.000    30185        0
 16       0.000    2076.271    0.000   65.944   63.330   64.611    0.000  100.000    30350        0
 17       0.000    1885.647    0.000   66.286   63.330   64.774    0.000  100.000    27010        0
 18       0.000    1812.277    0.000   66.909   63.726   65.279    0.000  100.000    31059        0
 19       0.000    1657.465    0.000   67.296   63.627   65.410    0.000  100.000    30834        0
 20       0.000    1650.459    0.000   67.189   63.726   65.412    0.000  100.000    26606        0
 21       0.000    1486.126    0.000   67.364   63.826   65.547    0.000  100.000    30249        0
 22       0.000    1527.482    0.000   67.328   63.925   65.582    0.000  100.000    31053        0
 23       0.000    1377.960    0.000   67.150   64.222   65.653    0.000  100.000    30660        0
 24       0.000    1417.864    0.000   67.189   63.726   65.412    0.000  100.000    23109        0
 25       0.000    1339.739    0.000   66.875   63.627   65.211    0.000  100.000    27224        0
 26       0.000    1228.702    0.000   67.153   63.826   65.447    0.000  100.000    26763        0
 27       0.000    1255.220    0.000   66.632   63.726   65.147    0.000  100.000    30054        0
 28       0.000    1275.551    0.000   66.872   64.420   65.623    0.000  100.000    29135        0
 29       0.000    1125.276    0.000   67.215   64.817   65.994    0.000  100.000    26815        0
[38;5;2m✔ Saved model to output directory[0m
train-wb/model-final
⠙ Creating best model...[2K[38;5;2m✔ Created best model[0m
train-wb/model-best
